0
1
2
3
4
5
6
7
8
10
11
13
15
17
18
19
20
21
22
23
24
25
27
30
31
32
34
35
36
37
38
39
40
41
42
43
44
46
47
48
49
50
51
52
53
54
55
57
58
59
60
61
62
63
64
65
66
67
68
69
70
71
72
73
74
76
77
78
79
80
81
83
86
87
88
89
90
91
92
93
94
95
96
97
98
99
101
103
104
105
106
107
108
109
110
112
113
114
115
116
117
118
119
120
121
124
126
127
129
131
134
135
136
137
138
140
141
143
147
148
149
150
151
152
153
154
155
157
159
160
161
162
163
165
166
167
168
169
170
172
173
174
177
178
179
181
182
183
184
185
186
188
190
191
192
193
195
196
197
198
199
200
201
202
203
205
207
209
210
211
212
213
214
215
216
217
218
219
220
222
223
225
226
227
228
230
231
232
233
234
235
236
237
238
239
240
241
242
243
244
245
246
247
248
249
250
251
253
254
255
257
258
259
260
261
262
263
265
266
267
268
269
270
272
274
275
277
278
279
280
281
283
284
285
286
287
288
289
290
291
292
294
295
296
297
298
299
300
301
303
304
305
306
307
308
309
310
311
312
313
317
318
319
320
321
323
324
325
326
327
328
329
330
332
333
334
335
336
337
338
340
341
342
343
344
346
347
348
349
350
351
352
353
354
355
356
357
358
361
362
363
364
365
366
367
368
369
370
371
372
373
375
378
379
380
381
382
383
384
385
386
387
388
389
390
391
394
395
398
399
400
401
402
403
404
405
406
407
408
409
410
411
412
413
414
415
417
419
420
421
422
423
424
425
426
427
429
430
431
433
434
435
437
438
331
130
397
374
428
316
75
180
206
56
85
82
432
436
271
125
29
187
339
224
229
12
158
393
26
123
9
418
376
171
175
392
273
132
144
102
276